115 134 133 137 145 150 158 183 208 217 194 254 288
115 136 147 140 153 152 158 183 216 233 206 278 288
115 136 133 119 145 152 154 183 216 217 202 254 288
140 136 147 119 145 152 158 188 216 217 206 274 292
140 134 133 122 135 152 158 183 216 225 194 254 288
140 136 133 125 145 152 158 185 216 233 206 258 288
130 136 133 122 145 150 158 185 214 217 194 266 282
142 144 133 128 145 152 158 188 216 225 206 270 288
115 140 133 134 135 152 154 185 216 217 202 254 288
142 146 133 140 153 152 158 192 216 217 202 254 288
115 136 133 122 145 152 158 183 198 217 202 254 288
149 136 143 125 145 152 158 183 218 233 210 270 290
140 136 133 137 145 152 158 183 208 217 202 254 282
140 136 133 153 153 152 158 188 208 233 202 278 290
140 134 133 137 145 152 158 185 208 217 194 254 288
142 136 133 140 145 152 166 185 216 233 202 278 288
126 136 133 131 145 152 158 183 208 221 202 254 0
140 136 133 131 145 152 158 192 216 233 206 282 0
115 140 133 113 145 152 154 183 216 217 202 254 288
115 142 133 140 153 152 168 183 216 221 206 270 288
140 140 133 0 0 152 158 0 200 233 190 270 288
142 142 139 0 0 152 158 0 208 233 194 278 290
140 140 133 116 135 152 158 183 216 217 206 254 288
140 140 133 134 145 152 158 185 216 233 210 270 288
140 142 133 113 145 152 158 183 208 217 206 254 288
140 142 135 122 145 152 158 183 216 217 206 266 288
140 136 133 128 135 152 158 183 208 217 202 262 288
142 142 133 134 145 152 158 188 208 233 202 270 288
115 140 133 122 145 152 158 186 200 217 202 254 288
130 144 133 122 149 152 166 192 216 233 202 254 290
115 142 133 122 135 152 158 183 208 217 206 270 282
115 146 133 122 153 152 158 185 216 233 206 270 288
140 136 133 122 145 152 158 183 216 217 198 270 282
140 140 133 122 153 158 158 183 216 217 198 270 290
115 128 143 125 145 152 158 183 198 217 194 254 288
134 136 143 125 155 152 158 183 216 217 210 266 288
115 136 133 122 0 152 158 183 208 217 206 254 288
140 140 143 137 0 154 166 192 208 217 206 262 288
140 136 133 122 145 152 158 183 208 217 206 266 288
149 136 135 128 153 154 166 185 216 233 210 270 288
115 136 133 122 153 152 158 183 208 217 202 258 282
138 140 139 140 153 152 158 196 208 217 210 270 288
115 136 133 137 145 152 158 183 216 217 202 266 288
120 140 133 137 153 152 168 183 216 233 202 266 288
142 136 133 122 145 152 156 188 198 217 202 270 282
142 136 147 131 145 158 158 192 208 217 206 274 288
140 136 133 140 135 152 143 183 216 221 206 254 282
142 136 139 140 145 152 158 185 216 233 222 262 288
140 134 133 122 135 150 158 183 208 217 206 262 288
140 146 133 131 145 152 158 192 208 217 206 282 288
140 136 133 122 145 150 158 183 208 217 194 270 282
140 136 133 122 155 152 166 192 216 233 194 274 290
140 140 133 128 145 152 158 183 208 217 194 270 282
140 146 147 137 145 152 158 183 216 217 206 282 282
136 136 133 122 145 152 158 183 208 217 206 254 288
140 144 133 134 145 152 158 183 216 217 206 274 290
115 138 133 122 145 152 158 183 216 217 202 254 288
142 140 133 134 153 152 158 183 216 233 210 270 288
140 140 133 122 135 152 158 183 208 217 202 254 282
140 146 133 140 145 152 158 183 216 233 210 270 288
115 136 133 140 135 152 158 183 216 217 194 254 282
142 144 139 143 145 152 158 185 216 217 206 262 288
134 136 133 111 135 152 0 183 0 217 202 270 288
142 140 133 131 135 152 0 192 0 233 202 274 288
115 140 133 137 145 152 158 188 216 233 194 254 288
140 140 133 140 145 152 168 188 216 233 206 270 288
140 136 133 122 145 152 158 183 198 217 206 262 288
140 136 143 137 145 152 158 183 216 217 210 278 288
130 136 133 116 153 152 154 185 216 217 194 262 288
142 138 139 122 153 152 168 188 216 233 202 270 288
140 136 133 122 145 150 0 185 0 217 206 254 288
140 140 135 125 153 152 0 188 0 233 206 266 288
140 132 139 0 135 152 158 183 208 217 0 254 282
140 132 143 0 145 152 166 196 216 217 0 274 288
128 124 133 125 135 152 158 183 216 217 206 262 288
142 136 143 125 145 152 158 183 216 217 210 270 288
140 136 145 122 135 152 158 183 216 217 194 258 288
140 136 147 128 145 152 158 183 216 233 206 262 288
115 134 133 116 153 152 154 183 208 213 202 274 288
115 136 133 122 153 152 158 183 216 217 202 278 288
107 136 133 122 135 152 156 183 208 217 194 254 288
115 140 133 122 145 152 158 185 216 233 210 270 288
140 136 133 122 153 152 158 183 208 217 202 254 282
140 144 135 122 161 152 158 183 208 233 206 262 288
140 144 133 122 145 152 154 183 216 217 194 254 288
142 146 133 140 145 152 168 185 216 221 202 278 288
115 136 133 113 135 152 158 183 210 217 202 254 288
130 136 143 128 145 152 166 183 214 217 202 270 290
140 138 133 108 135 152 154 183 208 217 206 254 288
142 142 135 137 145 152 158 183 208 233 206 258 288
142 136 133 116 135 152 158 188 208 217 206 262 282
142 140 139 116 145 152 158 192 216 217 210 270 288
130 136 133 125 145 152 158 183 208 221 202 266 288
142 138 133 125 153 152 158 183 216 233 206 270 288
140 134 143 108 145 152 158 183 216 217 202 266 288
142 140 147 116 153 152 158 183 218 233 206 270 290
134 136 133 134 135 152 154 192 216 233 202 262 288
140 140 133 137 145 152 166 192 216 233 206 282 288
140 136 133 113 145 152 158 183 216 217 194 270 288
140 138 133 122 149 152 158 183 216 233 206 274 288
140 136 133 0 135 152 154 183 208 217 206 250 282
142 136 133 0 153 152 158 188 216 233 206 278 288
115 136 133 108 135 150 154 183 214 221 202 254 288
140 140 133 111 145 152 158 183 216 225 226 278 288
130 136 133 122 135 150 158 183 216 217 194 262 288
142 140 147 128 153 152 158 192 216 233 206 274 288
115 136 133 125 145 150 158 183 208 217 202 254 282
140 136 133 131 145 152 168 200 216 233 210 278 288
115 136 133 128 145 152 158 192 216 233 202 254 288
115 136 133 143 145 152 158 194 216 233 210 270 288
115 136 125 113 145 152 158 183 208 217 202 254 288
151 142 133 122 147 158 158 183 208 233 202 274 288
115 136 133 111 135 152 158 183 208 217 206 254 288
140 136 133 122 145 152 158 183 214 233 206 262 288
140 136 133 116 135 152 158 185 198 217 194 270 288
142 142 133 116 145 152 158 185 208 233 206 274 288
115 136 133 122 145 152 158 183 216 225 202 266 288
144 142 133 122 153 152 160 183 216 233 206 266 288
115 142 133 116 145 152 154 183 198 217 206 254 288
140 146 139 134 153 152 158 185 198 233 206 278 288
115 136 133 0 137 152 158 192 216 225 202 270 288
142 142 133 0 153 152 168 192 216 233 206 278 288
140 140 133 131 141 152 158 185 216 217 194 270 288
140 144 145 137 145 152 160 188 216 233 202 278 292
115 136 133 125 145 150 158 183 216 217 202 254 288
142 136 143 140 145 152 158 183 216 217 206 270 288
115 134 133 128 135 150 158 183 216 217 190 262 288
140 136 133 140 145 152 158 183 216 217 194 270 288
115 134 133 134 135 152 158 183 208 217 202 270 288
130 140 143 134 135 152 158 183 214 233 210 278 288
115 134 133 122 145 152 158 183 0 217 202 254 288
140 136 139 134 153 152 158 196 0 233 206 262 288
130 134 139 111 153 152 158 183 198 217 0 254 288
142 140 147 140 153 152 168 185 214 233 0 266 288
115 136 133 122 145 150 158 183 0 217 202 258 288
130 136 143 122 145 152 160 183 0 217 206 266 296
140 136 133 122 145 150 158 183 198 217 202 270 288
142 136 133 128 145 152 158 185 208 233 206 274 288
115 136 133 122 135 150 158 183 198 217 202 266 282
115 142 143 140 145 152 158 192 208 217 202 270 288
130 140 133 122 135 150 158 183 198 217 194 258 288
140 140 133 137 135 150 166 185 216 233 202 270 288
142 136 133 122 135 152 158 183 200 217 202 258 288
142 140 133 128 145 152 158 183 216 233 206 270 290
115 140 143 122 145 152 158 183 216 217 194 254 288
115 140 147 131 153 152 158 183 216 217 202 278 288
130 128 133 128 153 152 158 183 198 217 202 266 282
130 142 143 140 153 152 158 185 198 233 206 278 288
115 140 133 122 153 150 158 185 208 217 202 270 288
115 140 133 137 153 152 166 196 216 217 206 282 288
140 136 133 111 145 150 154 183 198 217 194 270 288
140 140 133 122 145 152 158 183 200 233 194 270 288
140 136 133 137 141 152 158 183 208 217 202 254 288
142 136 147 140 149 152 158 183 216 217 206 266 290
115 136 133 119 135 150 158 183 208 217 194 254 288
115 140 147 122 153 152 158 183 216 233 226 270 288
115 128 139 122 145 152 154 183 208 217 194 270 288
142 136 139 122 145 152 166 188 216 217 206 278 288
115 134 133 111 145 152 158 183 198 233 206 254 282
130 142 133 113 153 152 158 185 216 233 206 254 288
0 124 147 111 145 152 158 183 216 233 202 266 288
0 136 149 111 145 152 158 183 216 233 206 266 288
