espèce id id2 Site Alo01 Alo06 Alo07 Alo09 Alo15 Alo16 Alo17 Alo26 Alo29 Alo32 Alo33 Alo43 Alo45
AA AA-DoD9 A10a AA_Dordogne 128 132 149 140 135 152 143 183 206 209 214 270 290
AA AA-DoD9b A10b AA_Dordogne 151 132 149 147 149 158 156 183 216 225 226 270 296
AA AA-DoE14 A11a AA_Dordogne 138 132 149 122 149 0 156 183 122 209 194 262 288
AA AA-DoE14b A11b AA_Dordogne 144 136 149 122 149 0 156 185 122 233 218 262 290
AA AA-DoE16 A12a AA_Dordogne 144 132 0 137 149 152 143 185 0 209 0 0 290
AA AA-DoE16b A12b AA_Dordogne 149 140 0 140 149 158 143 186 0 209 0 0 290
AA AA-DoE17 A13a AA_Dordogne 126 132 149 131 149 152 156 185 218 209 218 266 294
AA AA-DoE17b A13b AA_Dordogne 128 134 152 143 149 152 156 185 220 209 226 270 296
AA AA-DoE18 A14a AA_Dordogne 144 134 127 122 149 152 143 183 206 209 222 270 296
AA AA-DoE18b A14b AA_Dordogne 149 136 149 143 149 152 143 185 218 229 226 270 296
AA AA-DoE2 A15a AA_Dordogne 126 134 149 143 135 152 143 181 206 209 0 266 288
AA AA-DoE2b A15b AA_Dordogne 153 136 149 150 135 158 156 183 216 233 0 282 288
AA AA-DoE20 A16a AA_Dordogne 128 132 123 143 149 152 143 183 206 209 218 262 288
AA AA-DoE20b A16b AA_Dordogne 159 134 127 143 149 158 156 183 216 225 226 270 296
AA AA-DoE21 A17a AA_Dordogne 126 122 149 122 149 152 156 183 214 209 222 270 288
AA AA-DoE21b A17b AA_Dordogne 144 132 149 143 149 152 156 185 218 233 226 270 288
AA AA-DoE22 A18a AA_Dordogne 126 132 149 140 135 152 156 183 206 209 226 270 288
AA AA-DoE22b A18b AA_Dordogne 144 134 149 143 149 154 156 183 206 233 226 270 288
AA AA-DoE23 A19a AA_Dordogne 140 134 123 122 135 158 143 181 206 209 214 282 288
AA AA-DoE23b A19b AA_Dordogne 149 134 149 122 155 158 156 185 206 209 226 282 292
AA AA-DoD1 A1a AA_Dordogne 138 124 127 140 135 0 156 185 140 209 0 0 296
AA AA-DoD1b A1b AA_Dordogne 138 136 127 143 149 0 156 185 143 217 0 0 296
AA AA-DoE24 A20a AA_Dordogne 149 132 123 116 149 152 143 185 206 209 206 270 288
AA AA-DoE24b A20b AA_Dordogne 151 132 149 137 153 152 156 185 214 229 226 274 288
AA AA-DoE25 A21a AA_Dordogne 144 134 149 140 149 152 156 183 206 209 210 262 288
AA AA-DoE25b A21b AA_Dordogne 144 136 149 143 155 152 156 185 218 209 226 266 288
AA AA-DoE26 A22a AA_Dordogne 126 132 149 122 135 152 143 183 206 209 210 262 288
AA AA-DoE26b A22b AA_Dordogne 144 140 149 137 149 158 156 183 214 209 226 266 296
AA AA-DoE3 A23a AA_Dordogne 138 134 123 137 149 158 156 183 137 209 218 266 290
AA AA-DoE3b A23b AA_Dordogne 153 146 149 140 149 158 156 185 140 229 218 270 290
AA AA-DoG12 A24a AA_Dordogne 128 132 149 122 149 0 156 181 122 209 214 258 294
AA AA-DoG12b A24b AA_Dordogne 138 132 149 143 149 0 156 185 143 225 214 270 296
AA AA-DoG13 A25a AA_Dordogne 128 132 125 147 135 152 143 181 147 209 210 266 288
AA AA-DoG13b A25b AA_Dordogne 138 134 149 150 149 152 156 185 150 209 226 290 288
AA AA-DoG14 A26a AA_Dordogne 144 132 149 140 135 152 156 181 140 209 206 270 288
AA AA-DoG14b A26b AA_Dordogne 147 140 149 143 149 158 156 183 143 233 226 270 294
AA AA-GAF35 A27a AA_Garonne 124 132 127 134 135 152 156 183 206 209 226 266 292
AA AA-GAF35b A27b AA_Garonne 151 132 129 143 149 158 156 183 218 233 226 266 296
AA AA-GAF37 A28a AA_Garonne 124 134 149 122 135 152 156 181 122 209 218 262 294
AA AA-GAF37b A28b AA_Garonne 144 134 149 134 149 152 156 183 134 233 226 274 294
AA AA-GAF41 A29a AA_Garonne 134 134 149 143 149 152 143 181 143 209 210 266 288
AA AA-GAF41b A29b AA_Garonne 144 134 149 143 149 152 156 185 143 225 226 266 292
AA AA-DoD10 A2a AA_Dordogne 144 134 129 143 149 152 156 185 143 233 226 266 288
AA AA-DoD10b A2b AA_Dordogne 151 140 149 143 149 152 156 186 143 233 226 270 290
AA AA-GAF42 A30a AA_Garonne 126 132 149 143 135 152 156 183 206 209 210 270 288
AA AA-GAF42b A30b AA_Garonne 144 132 149 143 149 152 156 183 218 233 226 282 300
AA AA-GAF43 A31a AA_Garonne 126 132 149 140 135 152 143 183 206 225 226 270 290
AA AA-GAF43b A31b AA_Garonne 138 132 149 143 135 152 156 183 218 233 226 290 296
AA AA-GAF44 A32a AA_Garonne 151 132 0 140 132 152 143 183 206 209 206 270 288
AA AA-GAF44b A32b AA_Garonne 159 134 0 143 135 158 156 185 206 233 214 270 290
AA AA-GAF45 A33a AA_Garonne 144 134 123 122 149 152 156 181 214 209 226 262 294
AA AA-GAF45b A33b AA_Garonne 144 134 149 143 149 158 156 185 216 233 230 266 296
AA AA-GAF46 A34a AA_Garonne 128 134 123 137 135 152 143 185 206 209 226 266 296
AA AA-GAF46b A34b AA_Garonne 138 134 152 147 149 152 156 185 206 209 226 274 296
AA AA-GAH12 A35a AA_Garonne 138 134 149 143 149 152 156 175 206 209 210 262 290
AA AA-GAH12b A35b AA_Garonne 144 136 149 153 149 152 156 183 216 209 218 270 296
AA AA-GAH13 A36a AA_Garonne 124 132 123 116 149 158 156 185 206 209 222 266 290
AA AA-GAH13b A36b AA_Garonne 151 134 149 143 149 158 156 185 216 225 226 270 290
AA AA-GAH14 A37a AA_Garonne 138 134 123 134 135 152 156 181 206 209 226 266 288
AA AA-GAH14b A37b AA_Garonne 151 134 149 143 135 158 156 185 206 229 226 290 290
AA AA-GAH15 A38a AA_Garonne 126 134 123 143 135 152 156 183 218 209 218 270 288
AA AA-GAH15b A38b AA_Garonne 159 136 149 143 135 158 156 185 218 225 222 270 296
AA AA-GAH18 A39a AA_Garonne 138 132 123 134 135 152 156 183 206 209 226 262 288
AA AA-GAH18b A39b AA_Garonne 144 134 149 134 149 158 156 185 216 209 226 266 296
AA AA-DoD2 A3a AA_Dordogne 138 124 149 137 135 152 156 185 137 209 218 266 294
AA AA-DoD2b A3b AA_Dordogne 153 132 149 140 149 152 156 185 140 209 226 270 296
AA AA-GAH19 A40a AA_Garonne 134 134 149 134 149 152 156 183 206 209 198 266 288
AA AA-GAH19b A40b AA_Garonne 138 134 149 143 149 152 156 186 206 229 226 270 290
AA AA-GAH23 A41a AA_Garonne 128 132 123 137 135 152 143 183 206 209 222 266 288
AA AA-GAH23b A41b AA_Garonne 144 154 149 147 149 152 156 186 214 229 226 270 292
AA AA-GAH26 A42a AA_Garonne 144 134 149 122 135 152 143 181 206 209 198 266 288
AA AA-GAH26b A42b AA_Garonne 151 134 149 131 153 152 156 185 206 233 206 270 288
AA AA-GAH27 A43a AA_Garonne 138 134 123 137 135 152 156 183 206 209 226 262 290
AA AA-GAH27b A43b AA_Garonne 147 146 149 143 149 152 156 185 216 209 226 266 304
AA AA-GAH28 A44a AA_Garonne 151 134 149 143 149 152 143 185 206 209 226 270 288
AA AA-GAH28b A44b AA_Garonne 155 134 149 143 149 152 143 185 206 233 230 274 296
AA AA-GAM12 A45a AA_Garonne 126 124 149 140 149 152 156 183 140 209 194 270 290
AA AA-GAM12b A45b AA_Garonne 144 132 149 147 155 152 156 185 147 209 222 282 294
AA AA-GAM14 A46a AA_Garonne 138 132 149 137 135 152 156 183 137 209 218 258 290
AA AA-GAM14b A46b AA_Garonne 144 132 152 143 149 158 156 185 143 233 222 282 290
AA AA-GAM16 A47a AA_Garonne 126 134 149 143 135 152 156 186 143 209 206 258 290
AA AA-GAM16b A47b AA_Garonne 149 136 149 143 153 158 156 186 143 233 206 270 290
AA AA-GAM17 A48a AA_Garonne 126 134 149 137 135 152 156 183 137 209 206 266 290
AA AA-GAM17b A48b AA_Garonne 138 134 149 143 149 152 156 185 143 209 226 274 296
AA AA-GAM22 A49a AA_Garonne 138 132 149 122 149 152 156 185 122 209 218 270 288
AA AA-GAM22b A49b AA_Garonne 157 134 149 137 149 152 156 185 137 233 222 270 294
AA AA-DoD3 A4a AA_Dordogne 144 132 129 122 135 152 143 183 122 209 222 270 288
AA AA-DoD3b A4b AA_Dordogne 151 132 149 134 149 158 156 185 134 233 222 270 288
AA AA-GAM23 A50a AA_Garonne 128 132 133 122 149 152 156 185 122 209 198 270 288
AA AA-GAM23b A50b AA_Garonne 128 132 149 143 153 158 156 185 143 233 226 282 296
AA AA-GAM25 A51a AA_Garonne 144 132 127 143 135 152 143 183 143 209 206 262 292
AA AA-GAM25b A51b AA_Garonne 151 134 149 143 149 158 156 185 143 209 214 266 294
AA ALAL-0047 A53a AA_Loire 138 132 141 122 135 152 143 183 206 209 226 266 288
AA ALAL-0047b A53b AA_Loire 144 132 149 131 149 158 170 186 216 209 230 270 300
AA ALAL-0049 A55a AA_Loire 128 132 127 116 135 152 156 183 206 209 226 262 294
AA ALAL-0049b A55b AA_Loire 138 134 149 143 149 158 156 185 206 225 226 262 296
AA ALAL-0050 A56a AA_Loire 128 132 149 140 135 150 143 185 206 209 206 258 288
AA ALAL-0050b A56b AA_Loire 144 132 149 143 153 158 156 185 206 233 214 266 288
AA ALAL-0051 A57a AA_Loire 149 134 123 122 153 152 156 185 206 209 222 270 292
AA ALAL-0051b A57b AA_Loire 149 140 149 143 165 158 156 186 216 209 222 270 296
AA ALAL-0053 A58a AA_Loire 132 132 149 143 135 152 143 188 206 225 194 270 294
AA ALAL-0053b A58b AA_Loire 144 134 149 147 135 158 156 188 206 233 206 282 296
AA ALAL-0055 A59a AA_Loire 144 132 149 143 135 158 143 0 206 209 222 270 288
AA ALAL-0055b A59b AA_Loire 151 132 152 143 153 158 156 0 216 233 226 270 288
AA AA-DoD4 A5a AA_Dordogne 128 124 149 131 135 152 143 181 206 209 0 266 288
AA AA-DoD4b A5b AA_Dordogne 153 140 152 137 135 152 156 183 214 209 0 270 296
AA ALAL-0056 A60a AA_Loire 128 132 149 125 135 152 156 181 206 209 222 270 288
AA ALAL-0056b A60b AA_Loire 149 146 149 143 153 158 156 185 206 233 222 274 296
AA ALAL-0057 A61a AA_Loire 128 124 149 113 149 152 143 183 206 209 206 258 288
AA ALAL-0057b A61b AA_Loire 138 132 149 143 149 158 156 185 218 209 218 270 288
AA ALAL-0058 A62a AA_Loire 128 124 137 122 135 152 143 181 206 229 222 270 288
AA ALAL-0058b A62b AA_Loire 144 132 149 122 149 152 156 185 218 233 230 290 302
AA ALAL-0060 A63a AA_Loire 153 134 123 137 149 152 143 183 206 209 218 266 288
AA ALAL-0060b A63b AA_Loire 159 134 123 143 153 158 156 183 216 209 226 270 296
AA ALAL-0062 A64a AA_Loire 144 136 149 122 149 152 143 183 206 225 206 270 290
AA ALAL-0062b A64b AA_Loire 144 146 152 143 153 152 156 186 206 233 226 270 296
AA ALAL-0063 A65a AA_Loire 126 132 123 113 135 152 156 183 206 209 226 270 296
AA ALAL-0063b A65b AA_Loire 128 136 149 116 149 152 156 185 206 209 230 270 304
AA ALAL-0064 A66a AA_Loire 117 132 123 0 130 154 156 183 206 209 226 262 288
AA ALAL-0064b A66b AA_Loire 144 142 133 0 130 158 156 185 206 209 226 274 290
AA ALAL-0065 A67a AA_Loire 144 132 149 113 149 158 143 185 206 209 0 270 288
AA ALAL-0065b A67b AA_Loire 144 134 149 147 149 158 156 185 206 209 0 270 290
AA ALAL-0066 A68a AA_Loire 126 132 149 140 135 152 156 183 206 209 206 266 288
AA ALAL-0066b A68b AA_Loire 128 132 149 143 149 152 156 185 206 225 226 270 300
AA ALAL-0067 A69a AA_Loire 128 132 149 137 149 152 143 185 220 229 206 270 292
AA ALAL-0067b A69b AA_Loire 144 136 152 143 153 152 156 186 220 233 210 274 296
AA AA-DoD5 A6a AA_Dordogne 136 134 149 143 135 158 143 183 143 209 222 266 290
AA AA-DoD5b A6b AA_Dordogne 151 134 160 143 135 158 156 183 143 233 226 282 296
AA ALAL-0068 A70a AA_Loire 138 134 135 122 135 152 156 181 206 209 214 266 288
AA ALAL-0068b A70b AA_Loire 144 134 149 140 135 152 156 183 220 209 226 270 294
AA ALAL-0070 A71a AA_Loire 126 134 149 119 149 152 156 185 198 209 218 270 292
AA ALAL-0070b A71b AA_Loire 128 134 149 140 153 152 156 185 214 225 226 270 296
AA ALAL-0071 A72a AA_Loire 138 132 149 143 135 152 143 183 216 225 222 270 296
AA ALAL-0071b A72b AA_Loire 138 140 149 143 135 158 156 185 216 225 226 274 304
AA ALAL-0079 A73a AA_Loire 138 134 123 131 149 152 156 183 206 209 226 270 288
AA ALAL-0079b A73b AA_Loire 144 134 149 131 149 158 156 185 216 209 226 270 296
AA ALAL-0080 A74a AA_Loire 144 134 149 137 149 152 156 183 206 209 218 278 288
AA ALAL-0080b A74b AA_Loire 147 134 149 143 149 152 156 185 216 229 226 286 290
AA ALAL-0081 A75a AA_Loire 144 132 149 122 143 158 156 185 206 209 206 274 290
AA ALAL-0081b A75b AA_Loire 144 134 149 143 149 158 156 185 206 209 226 274 296
AA ALAL-0082 A76a AA_Loire 138 134 149 137 149 152 156 185 206 217 206 254 290
AA ALAL-0082b A76b AA_Loire 138 146 149 137 149 152 156 185 206 225 218 270 292
AA ALAL-0083 A77a AA_Loire 128 124 133 131 149 152 143 185 216 209 226 286 288
AA ALAL-0083b A77b AA_Loire 151 134 149 143 153 158 156 185 216 233 230 290 290
AA ALAL-0084 A78a AA_Loire 128 132 127 140 135 152 156 181 206 209 206 270 296
AA ALAL-0084b A78b AA_Loire 144 134 149 143 155 158 156 183 206 233 218 286 302
AA ALAL-0085 A79a AA_Loire 144 124 149 131 149 152 156 185 216 209 222 270 296
AA ALAL-0085b A79b AA_Loire 151 132 149 143 149 158 156 185 216 209 230 270 296
AA AA-DoD6 A7a AA_Dordogne 134 132 123 122 135 152 143 183 206 209 226 266 288
AA AA-DoD6b A7b AA_Dordogne 138 136 149 140 135 158 143 185 206 233 226 266 304
AA ALAL-0086 A80a AA_Loire 128 132 149 140 149 152 156 183 206 209 222 270 288
AA ALAL-0086b A80b AA_Loire 128 134 160 147 149 158 156 185 206 209 222 290 296
AA AA-Loire-160 A81a AA_Loire 138 124 149 122 135 158 156 183 206 233 0 262 288
AA AA-Loire-160b A81b AA_Loire 151 134 149 143 149 158 156 185 206 233 0 266 294
AA ALAL-0059 A82a AA_Loire 134 132 149 140 149 158 156 183 140 209 222 266 288
AA ALAL-0059b A82b AA_Loire 153 136 149 143 149 158 166 183 143 229 230 286 296
AA ALAL-0061 A83a AA_Loire 138 132 149 116 149 152 156 181 206 209 226 270 288
AA ALAL-0061b A83b AA_Loire 144 132 149 143 153 154 156 185 206 209 226 270 294
AA ALAL-0069 A84a AA_Loire 144 132 149 143 135 152 156 185 143 209 214 262 294
AA ALAL-0069b A84b AA_Loire 144 140 149 143 153 152 156 185 143 229 226 270 296
AA AA-DoD7 A8a AA_Dordogne 138 134 123 143 149 152 156 183 206 209 226 270 288
AA AA-DoD7b A8b AA_Dordogne 144 134 152 147 155 152 156 185 206 233 226 274 294
AA AA-DoD8 A9a AA_Dordogne 144 132 149 119 149 152 156 183 206 209 218 266 288
AA AA-DoD8b A9b AA_Dordogne 144 132 149 143 151 158 156 186 216 209 222 270 292
