AF ALF241 A100a AF_Rhône_S 115 134 133 137 145 150 158 183 208 217 194 254 288
AF ALF241b A100b AF_Rhône_S 115 136 147 140 153 152 158 183 216 233 206 278 288
AF ALF242 A101a AF_Rhône_S 115 136 133 119 145 152 154 183 216 217 202 254 288
AF ALF242b A101b AF_Rhône_S 140 136 147 119 145 152 158 188 216 217 206 274 292
AF ALF243 A102a AF_Rhône_S 140 134 133 122 135 152 158 183 216 225 194 254 288
AF ALF243b A102b AF_Rhône_S 140 136 133 125 145 152 158 185 216 233 206 258 288
AF ALF250 A103a AF_Rhône_S 130 136 133 122 145 150 158 185 214 217 194 266 282
AF ALF250b A103b AF_Rhône_S 142 144 133 128 145 152 158 188 216 225 206 270 288
AF ALF106 A104a AF_Rhône_S 115 140 133 134 135 152 154 185 216 217 202 254 288
AF ALF106b A104b AF_Rhône_S 142 146 133 140 153 152 158 192 216 217 202 254 288
AF ALF100 A105a AF_Rhône_S 115 136 133 122 145 152 158 183 198 217 202 254 288
AF ALF100b A105b AF_Rhône_S 149 136 143 125 145 152 158 183 218 233 210 270 290
AF ALF101 A106a AF_Rhône_S 140 136 133 137 145 152 158 183 208 217 202 254 282
AF ALF101b A106b AF_Rhône_S 140 136 133 153 153 152 158 188 208 233 202 278 290
AF ALF102 A107a AF_Rhône_S 140 134 133 137 145 152 158 185 208 217 194 254 288
AF ALF102b A107b AF_Rhône_S 142 136 133 140 145 152 166 185 216 233 202 278 288
AF ALF69 A108a AF_Rhône_S 126 136 133 131 145 152 158 183 208 221 202 254 0
AF ALF69b A108b AF_Rhône_S 140 136 133 131 145 152 158 192 216 233 206 282 0
AF ALF70 A110a AF_Rhône_S 115 140 133 113 145 152 154 183 216 217 202 254 288
AF ALF70b A110b AF_Rhône_S 115 142 133 140 153 152 168 183 216 221 206 270 288
AF ALF71 A111a AF_Rhône_S 140 140 133 0 0 152 158 0 200 233 190 270 288
AF ALF71b A111b AF_Rhône_S 142 142 139 0 0 152 158 0 208 233 194 278 290
AF ALF72 A112a AF_Rhône_S 140 140 133 116 135 152 158 183 216 217 206 254 288
AF ALF72b A112b AF_Rhône_S 140 140 133 134 145 152 158 185 216 233 210 270 288
AF ALF73 A113a AF_Rhône_S 140 142 133 113 145 152 158 183 208 217 206 254 288
AF ALF73b A113b AF_Rhône_S 140 142 135 122 145 152 158 183 216 217 206 266 288
AF ALF74 A114a AF_Rhône_S 140 136 133 128 135 152 158 183 208 217 202 262 288
AF ALF74b A114b AF_Rhône_S 142 142 133 134 145 152 158 188 208 233 202 270 288
AF ALF75 A115a AF_Rhône_S 115 140 133 122 145 152 158 186 200 217 202 254 288
AF ALF75b A115b AF_Rhône_S 130 144 133 122 149 152 166 192 216 233 202 254 290
AF ALF76 A116a AF_Rhône_S 115 142 133 122 135 152 158 183 208 217 206 270 282
AF ALF76b A116b AF_Rhône_S 115 146 133 122 153 152 158 185 216 233 206 270 288
AF ALF77 A117a AF_Rhône_S 140 136 133 122 145 152 158 183 216 217 198 270 282
AF ALF77b A117b AF_Rhône_S 140 140 133 122 153 158 158 183 216 217 198 270 290
AF ALF78 A118a AF_Rhône_S 115 128 143 125 145 152 158 183 198 217 194 254 288
AF ALF78b A118b AF_Rhône_S 134 136 143 125 155 152 158 183 216 217 210 266 288
AF ALF79 A119a AF_Rhône_S 115 136 133 122 0 152 158 183 208 217 206 254 288
AF ALF79b A119b AF_Rhône_S 140 140 143 137 0 154 166 192 208 217 206 262 288
AF ALF80 A120a AF_Rhône_S 140 136 133 122 145 152 158 183 208 217 206 266 288
AF ALF80b A120b AF_Rhône_S 149 136 135 128 153 154 166 185 216 233 210 270 288
AF ALF81 A121a AF_Rhône_S 115 136 133 122 153 152 158 183 208 217 202 258 282
AF ALF81b A121b AF_Rhône_S 138 140 139 140 153 152 158 196 208 217 210 270 288
AF ALF82 A122a AF_Rhône_S 115 136 133 137 145 152 158 183 216 217 202 266 288
AF ALF82b A122b AF_Rhône_S 120 140 133 137 153 152 168 183 216 233 202 266 288
AF ALF83 A123a AF_Rhône_S 142 136 133 122 145 152 156 188 198 217 202 270 282
AF ALF83b A123b AF_Rhône_S 142 136 147 131 145 158 158 192 208 217 206 274 288
AF ALF84 A124a AF_Rhône_S 140 136 133 140 135 152 143 183 216 221 206 254 282
AF ALF84b A124b AF_Rhône_S 142 136 139 140 145 152 158 185 216 233 222 262 288
AF ALF85 A125a AF_Rhône_S 140 134 133 122 135 150 158 183 208 217 206 262 288
AF ALF85b A125b AF_Rhône_S 140 146 133 131 145 152 158 192 208 217 206 282 288
AF ALF86 A126a AF_Rhône_S 140 136 133 122 145 150 158 183 208 217 194 270 282
AF ALF86b A126b AF_Rhône_S 140 136 133 122 155 152 166 192 216 233 194 274 290
AF ALF87 A127a AF_Rhône_S 140 140 133 128 145 152 158 183 208 217 194 270 282
AF ALF87b A127b AF_Rhône_S 140 146 147 137 145 152 158 183 216 217 206 282 282
AF ALF91 A128a AF_Rhône_S 136 136 133 122 145 152 158 183 208 217 206 254 288
AF ALF91b A128b AF_Rhône_S 140 144 133 134 145 152 158 183 216 217 206 274 290
AF ALF92 A129a AF_Rhône_S 115 138 133 122 145 152 158 183 216 217 202 254 288
AF ALF92b A129b AF_Rhône_S 142 140 133 134 153 152 158 183 216 233 210 270 288
AF ALF93 A130a AF_Rhône_S 140 140 133 122 135 152 158 183 208 217 202 254 282
AF ALF93b A130b AF_Rhône_S 140 146 133 140 145 152 158 183 216 233 210 270 288
AF ALF94 A131a AF_Rhône_S 115 136 133 140 135 152 158 183 216 217 194 254 282
AF ALF94b A131b AF_Rhône_S 142 144 139 143 145 152 158 185 216 217 206 262 288
AF ALF95 A132a AF_Rhône_S 134 136 133 111 135 152 0 183 0 217 202 270 288
AF ALF95b A132b AF_Rhône_S 142 140 133 131 135 152 0 192 0 233 202 274 288
AF ALF96 A133a AF_Rhône_S 115 140 133 137 145 152 158 188 216 233 194 254 288
AF ALF96b A133b AF_Rhône_S 140 140 133 140 145 152 168 188 216 233 206 270 288
AF ALF97 A134a AF_Rhône_S 140 136 133 122 145 152 158 183 198 217 206 262 288
AF ALF97b A134b AF_Rhône_S 140 136 143 137 145 152 158 183 216 217 210 278 288
AF ALF98 A135a AF_Rhône_S 130 136 133 116 153 152 154 185 216 217 194 262 288
AF ALF98b A135b AF_Rhône_S 142 138 139 122 153 152 168 188 216 233 202 270 288
AF ALF99 A136a AF_Rhône_S 140 136 133 122 145 150 0 185 0 217 206 254 288
AF ALF99b A136b AF_Rhône_S 140 140 135 125 153 152 0 188 0 233 206 266 288
AF ALF112 A137a AF_Rhône_V 140 132 139 0 135 152 158 183 208 217 0 254 282
AF ALF112b A137b AF_Rhône_V 140 132 143 0 145 152 166 196 216 217 0 274 288
AF ALF63 A138a AF_Rhône_V 128 124 133 125 135 152 158 183 216 217 206 262 288
AF ALF63b A138b AF_Rhône_V 142 136 143 125 145 152 158 183 216 217 210 270 288
AF ALF103 A139a AF_Rhône_V 140 136 145 122 135 152 158 183 216 217 194 258 288
AF ALF103b A139b AF_Rhône_V 140 136 147 128 145 152 158 183 216 233 206 262 288
AF ALF104 A140a AF_Rhône_V 115 134 133 116 153 152 154 183 208 213 202 274 288
AF ALF104b A140b AF_Rhône_V 115 136 133 122 153 152 158 183 216 217 202 278 288
AF ALF105 A141a AF_Rhône_V 107 136 133 122 135 152 156 183 208 217 194 254 288
AF ALF105b A141b AF_Rhône_V 115 140 133 122 145 152 158 185 216 233 210 270 288
AF ALF107 A142a AF_Rhône_V 140 136 133 122 153 152 158 183 208 217 202 254 282
AF ALF107b A142b AF_Rhône_V 140 144 135 122 161 152 158 183 208 233 206 262 288
AF ALF110 A143a AF_Rhône_V 140 144 133 122 145 152 154 183 216 217 194 254 288
AF ALF110b A143b AF_Rhône_V 142 146 133 140 145 152 168 185 216 221 202 278 288
AF ALF111 A144a AF_Rhône_V 115 136 133 113 135 152 158 183 210 217 202 254 288
AF ALF111b A144b AF_Rhône_V 130 136 143 128 145 152 166 183 214 217 202 270 290
AF ALF113 A145a AF_Rhône_V 140 138 133 108 135 152 154 183 208 217 206 254 288
AF ALF113b A145b AF_Rhône_V 142 142 135 137 145 152 158 183 208 233 206 258 288
AF ALF114 A146a AF_Rhône_V 142 136 133 116 135 152 158 188 208 217 206 262 282
AF ALF114b A146b AF_Rhône_V 142 140 139 116 145 152 158 192 216 217 210 270 288
AF ALF115 A147a AF_Rhône_V 130 136 133 125 145 152 158 183 208 221 202 266 288
AF ALF115b A147b AF_Rhône_V 142 138 133 125 153 152 158 183 216 233 206 270 288
AF ALF116 A148a AF_Rhône_V 140 134 143 108 145 152 158 183 216 217 202 266 288
AF ALF116b A148b AF_Rhône_V 142 140 147 116 153 152 158 183 218 233 206 270 290
AF ALF117 A149a AF_Rhône_V 134 136 133 134 135 152 154 192 216 233 202 262 288
AF ALF117b A149b AF_Rhône_V 140 140 133 137 145 152 166 192 216 233 206 282 288
AF ALF118 A150a AF_Rhône_V 140 136 133 113 145 152 158 183 216 217 194 270 288
AF ALF118b A150b AF_Rhône_V 140 138 133 122 149 152 158 183 216 233 206 274 288
AF ALF119 A151a AF_Rhône_V 140 136 133 0 135 152 154 183 208 217 206 250 282
AF ALF119b A151b AF_Rhône_V 142 136 133 0 153 152 158 188 216 233 206 278 288
AF ALF120 A152a AF_Rhône_V 115 136 133 108 135 150 154 183 214 221 202 254 288
AF ALF120b A152b AF_Rhône_V 140 140 133 111 145 152 158 183 216 225 226 278 288
AF ALF268 A153a AF_Rhône_V 130 136 133 122 135 150 158 183 216 217 194 262 288
AF ALF268b A153b AF_Rhône_V 142 140 147 128 153 152 158 192 216 233 206 274 288
AF ALF269 A154a AF_Rhône_V 115 136 133 125 145 150 158 183 208 217 202 254 282
AF ALF269b A154b AF_Rhône_V 140 136 133 131 145 152 168 200 216 233 210 278 288
AF ALF270 A155a AF_Rhône_V 115 136 133 128 145 152 158 192 216 233 202 254 288
AF ALF270b A155b AF_Rhône_V 115 136 133 143 145 152 158 194 216 233 210 270 288
AF ALF273 A156a AF_Rhône_V 115 136 125 113 145 152 158 183 208 217 202 254 288
AF ALF273b A156b AF_Rhône_V 151 142 133 122 147 158 158 183 208 233 202 274 288
AF ALF274 A157a AF_Rhône_V 115 136 133 111 135 152 158 183 208 217 206 254 288
AF ALF274b A157b AF_Rhône_V 140 136 133 122 145 152 158 183 214 233 206 262 288
AF ALF275 A158a AF_Rhône_V 140 136 133 116 135 152 158 185 198 217 194 270 288
AF ALF275b A158b AF_Rhône_V 142 142 133 116 145 152 158 185 208 233 206 274 288
AF ALF276 A159a AF_Rhône_V 115 136 133 122 145 152 158 183 216 225 202 266 288
AF ALF276b A159b AF_Rhône_V 144 142 133 122 153 152 160 183 216 233 206 266 288
AF ALF61 A160a AF_Rhône_V 115 142 133 116 145 152 154 183 198 217 206 254 288
AF ALF61b A160b AF_Rhône_V 140 146 139 134 153 152 158 185 198 233 206 278 288
AF ALF62 A161a AF_Rhône_V 115 136 133 0 137 152 158 192 216 225 202 270 288
AF ALF62b A161b AF_Rhône_V 142 142 133 0 153 152 168 192 216 233 206 278 288
AF ALF64 A162a AF_Rhône_V 140 140 133 131 141 152 158 185 216 217 194 270 288
AF ALF64b A162b AF_Rhône_V 140 144 145 137 145 152 160 188 216 233 202 278 292
AF ALF65 A163a AF_Rhône_V 115 136 133 125 145 150 158 183 216 217 202 254 288
AF ALF65b A163b AF_Rhône_V 142 136 143 140 145 152 158 183 216 217 206 270 288
AF ALF66 A164a AF_Rhône_V 115 134 133 128 135 150 158 183 216 217 190 262 288
AF ALF66b A164b AF_Rhône_V 140 136 133 140 145 152 158 183 216 217 194 270 288
AF ALF67 A165a AF_Rhône_V 115 134 133 134 135 152 158 183 208 217 202 270 288
AF ALF67b A165b AF_Rhône_V 130 140 143 134 135 152 158 183 214 233 210 278 288
AF ALF68 A166a AF_Rhône_V 115 134 133 122 145 152 158 183 0 217 202 254 288
AF ALF68b A166b AF_Rhône_V 140 136 139 134 153 152 158 196 0 233 206 262 288
AF ALF123 A85a AF_Aude 130 134 139 111 153 152 158 183 198 217 0 254 288
AF ALF123b A85b AF_Aude 142 140 147 140 153 152 168 185 214 233 0 266 288
AF ALF124 A86a AF_Aude 115 136 133 122 145 150 158 183 0 217 202 258 288
AF ALF124b A86b AF_Aude 130 136 143 122 145 152 160 183 0 217 206 266 296
AF ALF125 A87a AF_Aude 140 136 133 122 145 150 158 183 198 217 202 270 288
AF ALF125b A87b AF_Aude 142 136 133 128 145 152 158 185 208 233 206 274 288
AF ALF127 A88a AF_Aude 115 136 133 122 135 150 158 183 198 217 202 266 282
AF ALF127b A88b AF_Aude 115 142 143 140 145 152 158 192 208 217 202 270 288
AF ALF132 A89a AF_Aude 130 140 133 122 135 150 158 183 198 217 194 258 288
AF ALF132b A89b AF_Aude 140 140 133 137 135 150 166 185 216 233 202 270 288
AF ALF145 A90a AF_Aude 142 136 133 122 135 152 158 183 200 217 202 258 288
AF ALF145b A90b AF_Aude 142 140 133 128 145 152 158 183 216 233 206 270 290
AF ALF149 A91a AF_Aude 115 140 143 122 145 152 158 183 216 217 194 254 288
AF ALF149b A91b AF_Aude 115 140 147 131 153 152 158 183 216 217 202 278 288
AF ALF150 A92a AF_Aude 130 128 133 128 153 152 158 183 198 217 202 266 282
AF ALF150b A92b AF_Aude 130 142 143 140 153 152 158 185 198 233 206 278 288
AF ALF162 A93a AF_Aude 115 140 133 122 153 150 158 185 208 217 202 270 288
AF ALF162b A93b AF_Aude 115 140 133 137 153 152 166 196 216 217 206 282 288
AF ALF167 A94a AF_Aude 140 136 133 111 145 150 154 183 198 217 194 270 288
AF ALF167b A94b AF_Aude 140 140 133 122 145 152 158 183 200 233 194 270 288
AF ALF170 A95a AF_Aude 140 136 133 137 141 152 158 183 208 217 202 254 288
AF ALF170b A95b AF_Aude 142 136 147 140 149 152 158 183 216 217 206 266 290
AF ALF177 A96a AF_Aude 115 136 133 119 135 150 158 183 208 217 194 254 288
AF ALF177b A96b AF_Aude 115 140 147 122 153 152 158 183 216 233 226 270 288
AF ALF285 A97a AF_Aude 115 128 139 122 145 152 154 183 208 217 194 270 288
AF ALF285b A97b AF_Aude 142 136 139 122 145 152 166 188 216 217 206 278 288
AF ALF121 A98a AF_Aude 115 134 133 111 145 152 158 183 198 233 206 254 282
AF ALF121b A98b AF_Aude 130 142 133 113 153 152 158 185 216 233 206 254 288
AF ALF179 A99a AF_Aude 0 124 147 111 145 152 158 183 216 233 202 266 288
AF ALF179b A99b AF_Aude 0 136 149 111 145 152 158 183 216 233 206 266 288
